 14 1C F3 6D 04 00 00 52
 25 04 0D 42 20 52 30 30 37 35 30 39 0C 01 02 58 06 02 1A 71 83 00 00 00 20 20 00 00 17 70 63 82
 7B 5D 8B BD 01 6F B2 9B
14 1C F3 6D 04 00 00 52
 14 1C F3 6D 04 00 00 52
 25 04 0D 42 20 52 30 30 37 35 30 39 0C 01 02 58 06 02 1A 61 83 00 0B 09 20 20 00 00 0C 67 53 69
 7B 5D 8B BD 01 6F B2 9B
 25 04 0D 42 20 52 30 30 37 35 30 39 0C 01 02 58 06 02 1A 61 83 00 0B 09 20 20 00 00 0C 67 53 69

 28 4F 40 0E 02 00 00 FC
 28 4F 40 0E 02 00 00 FC
 28 4F 40 0E 02 00 00 FC
 01 00 00 00 00 00 01 63
 01 00 00 00 00 00 01 63
 01 00 00 00 00 00 01 63
 01 00 00 00 00 00 01 63
 